,0,1,2,3,4,5,6,7,8,9,10,11,12,13,14,15
0,1,2,1,0,1,1,2,2,1,1,2,0,1,0,2,2
1,[ 0.51294097  0.00701888  0.48004015],[ 0.42236695  0.02185885  0.5557742 ],[ 0.54724565  0.00776958  0.44498476],[ 0.06660474  0.58837898  0.34501628],[ 0.54267931  0.00860855  0.44871214],[  5.36994831e-01   2.47851686e-04   4.62757318e-01],[ 0.40033849  0.02180473  0.57785678],[ 0.52390247  0.00897098  0.46712654],[ 0.53285319  0.01087185  0.45627497],[ 0.52141644  0.01209937  0.46648418],[ 0.49553335  0.01075913  0.49370752],[ 0.57131018  0.00270659  0.42598324],[ 0.57409457  0.0083092   0.41759623],[ 0.55355711  0.00916051  0.43728238],[ 0.53122558  0.00101922  0.4677552 ],[ 0.54572304  0.00321719  0.45105977]
